;Ergonomic Keyboard
;
;Copyright (c) 2006-2012  Comfort Software Group
;ALL RIGHTS RESERVED
Background=Ergonomic.gif
Height=365
Width=705
DefaultFitWidth=0
DefaultCenterInfo=1
DefaultFontSize=10
DefaultInfoFontSize=11
8=597,87;627,84;655,81;673,80;692,78;692,120;671,122;644,124;625,126;603,128;601,115;599,102
9=13,129;30,130;44,132;61,133;71,134;81,135;77,178;54,176;34,174;13,172
13=596,173;608,172;631,169;692,162;692,203;602,213;600,201;598,188
20=13,172;34,174;54,176;77,178;87,179;84,222;64,220;47,218;13,214
27=20,26;65,30;62,74;17,70
32=179,275;185,275;208,278;230,279;255,280;278,281;297,282;317,282;338,282;361,282;383,281;407,279;429,278;452,275;459,274;465,341;452,342;433,344;416,346;400,348;386,348;374,349;353,350;333,350;316,350;296,350;280,349;265,349;253,348;229,347;212,345;204,344;191,343;183,342;174,340
48=462,100;485,98;496,97;509,96;515,137;491,140;469,143
49=65,90;82,92;96,94;109,95;105,137;81,135;61,133
50=109,95;154,100;150,141;124,139;105,137
51=154,100;198,105;194,145;167,143;150,141
52=198,105;240,108;237,149;212,147;194,145
53=240,108;260,109;274,110;284,110;283,152;258,151;237,149
54=284,110;307,110;329,110;331,153;307,153;283,152
55=329,110;374,108;378,150;356,152;331,153
56=374,108;418,104;424,147;402,149;378,150
57=418,104;462,100;469,143;446,145;424,147
65=87,179;120,182;131,183;127,226;101,224;91,223;84,222
66=280,237;297,238;318,238;336,239;338,282;317,282;297,282;278,281
67=190,231;213,233;234,234;230,279;208,278;185,275
68=173,187;208,190;216,191;213,233;190,231;168,229
69=167,143;194,145;212,147;208,190;173,187;163,186
70=216,191;255,194;262,195;260,236;234,234;213,233
71=262,195;281,196;307,197;318,197;318,238;297,238;280,237;260,236
72=318,197;339,197;359,196;373,196;377,237;355,238;336,239;318,238
73=402,149;424,147;446,145;452,189;440,190;418,193;407,194
74=373,196;389,195;407,194;418,193;424,233;401,236;377,237
75=418,193;440,190;452,189;462,187;468,229;446,232;424,233
76=462,187;484,185;497,183;508,182;514,224;490,227;468,229
77=401,236;424,233;446,232;452,275;429,278;407,279
78=336,239;355,238;377,237;401,236;407,279;383,281;361,282;338,282
79=446,145;469,143;491,140;497,183;484,185;462,187;452,189
80=491,140;515,137;535,135;542,179;508,182;497,183
81=81,135;105,137;124,139;120,182;87,179;77,178
82=212,147;237,149;258,151;255,194;216,191;208,190
83=131,183;163,186;173,187;168,229;145,227;127,226
84=258,151;283,152;307,153;307,197;281,196;262,195;255,194
85=356,152;378,150;402,149;407,194;389,195;373,196;359,196
86=234,234;260,236;280,237;278,281;255,280;230,279
87=124,139;150,141;167,143;163,186;131,183;120,182
88=145,227;168,229;190,231;185,275;179,275;141,270
89=307,153;331,153;356,152;359,196;342,197;318,197;307,197
90=101,224;127,226;145,227;141,270;123,269;97,266
91=70,263;97,266;123,269;118,332;101,328;84,324;65,320
92=514,268;541,265;569,262;575,321;520,332
93=569,262;585,260;597,259;611,257;626,256;630,306;575,321
112=90,32;134,36;130,83;86,78
113=134,36;181,42;176,87;130,83
114=181,42;225,46;222,91;176,87
115=225,46;271,49;268,94;222,91
116=297,50;345,49;347,93;297,94
117=345,49;390,46;395,91;347,93
118=390,46;431,42;437,87;395,91
119=431,42;482,38;488,83;437,87
120=509,35;554,30;560,75;515,79
121=554,30;599,25;605,71;560,75
122=599,25;644,21;650,66;605,71
123=644,21;692,17;692,62;650,66
160=13,214;47,218;64,220;84,222;91,223;101,224;97,266;69,263;48,260;29,258;13,256
161=579,216;602,213;692,203;692,247;626,256;611,257;597,259;585,260;583,248;581,231
162=13,256;29,258;48,260;70,263;65,320;49,316;39,312;30,308;22,300;17,293;14,284;13,273
163=626,256;692,247;692,260;689,270;686,278;681,285;674,291;665,295;654,299;643,302;630,306
164=123,269;141,270;179,275;174,340;118,332
165=459,274;478,272;497,270;514,268;520,332;465,341
186=508,182;542,179;551,178;557,219;534,222;514,224
187=553,91;574,89;597,87;603,128;579,131;560,132
188=446,232;468,229;490,227;497,270;478,272;459,274;452,275
189=509,96;533,93;553,91;560,132;535,135;515,137
190=490,227;514,224;534,222;541,265;514,268;497,270
191=534,222;557,219;579,216;585,260;569,262;541,265
192=13,85;65,90;61,133;44,132;30,130;13,129
219=535,135;560,132;579,131;585,174;574,175;552,178;542,179
220=625,126;644,124;671,122;692,120;692,162;631,169
221=579,131;603,128;625,126;631,169;608,172;596,173;585,174
222=551,178;574,175;585,174;596,173;602,213;579,216;557,219
