;Keyboard for Gamers
;
;Copyright (c) 2006-2012  Comfort Software Group
;ALL RIGHTS RESERVED
Height=200
Width=800
DefaultFitWidth=1
DefaultLockAspectRatio=1
DefaultMoveToBottom=1
DefaultCenterInfo=1
DefaultTransparent=1
DefaultFontSize=8
DefaultInfoFontSize=14
13=743,199;744,194;747,186;751,179;754,175;758,170;766,163;771,160;779,156;785,153;789,152;794,150;799,149;799,199
37=69,137;33,173;29,169;29,168;28,167;26,165;26,164;25,162;23,158;21,154;21,153;20,152;20,150;19,149;19,144;18,143;18,131;19,130;19,126;20,125;20,122;21,121;21,119;23,116;25,112;26,109;29,106;29,105;31,103;33,101
38=69,137;33,101;37,97;38,97;41,94;45,92;50,90;51,89;53,89;55,88;57,88;59,87;62,87;63,86;75,86;76,87;81,87;82,88;84,88;85,89;87,89;92,92;96,94;97,94;99,96;100,97;101,97;103,99;105,101
39=69,137;105,101;107,103;109,105;109,106;112,109;114,113;116,117;117,120;117,121;118,122;118,125;119,126;119,130;120,131;120,143;119,144;119,149;118,150;118,152;117,153;117,155;115,158;115,160;113,162;113,163;111,166;109,168;109,169;107,171;105,173
40=69,137;105,173;103,175;101,177;100,177;97,180;96,180;93,182;92,183;90,183;87,185;85,185;84,186;82,186;81,187;76,187;75,188;63,188;62,187;58,187;57,186;54,186;53,185;51,185;47,183;43,181;40,179;38,177;37,177;35,175;33,173
49=667,73;675,66;681,62;690,56;698,51;708,46;728,83;725,85;716,90;707,96;697,103
50=708,46;717,42;725,38;734,35;742,32;753,28;764,70;753,73;743,77;738,79;732,81;728,83
51=753,28;760,26;771,24;779,22;789,21;799,20;799,64;779,67;771,68;764,70
65=692,199;692,194;693,185;695,178;698,170;702,161;750,181;747,186;744,194;743,199
67=634,109;640,101;658,81;667,73;697,103;689,110;683,116;678,122;671,131
68=747,121;754,117;763,114;771,112;777,110;784,109;790,107;799,106;799,149;794,150;789,152;785,153;779,156;771,160
69=697,103;707,96;716,90;725,85;728,83;732,81;738,79;744,76;763,114;754,117;747,121;740,124;728,132
70=744,76;753,73;764,70;771,68;778,66;785,65;792,64;799,64;799,106;790,107;784,109;777,110;771,112;763,114
81=647,199;647,192;648,182;650,172;653,163;661,145;702,161;698,170;695,178;693,185;692,194;692,199
83=702,161;708,153;712,148;718,141;728,132;740,124;747,121;771,160;766,163;758,170;754,175;751,179;750,181
87=661,145;665,139;671,131;678,122;683,116;689,110;697,103;728,132;718,141;712,148;708,153;702,161
88=612,151;614,146;618,136;620,131;626,121;634,109;671,131;665,139;661,145;653,163
90=612,151;653,163;650,172;648,182;647,191;647,199;603,199;603,191;605,178;607,168;609,160
