;For Ultra Mobile PC x800
;
;Copyright (c) 2006-2012  Comfort Software Group
;ALL RIGHTS RESERVED
Height=244
Width=800
DefaultFitWidth=1
DefaultMoveToBottom=1
DefaultCenterInfo=1
DefaultTransparent=1
DefaultFontSize=8
DefaultInfoFontSize=12
DividingPointX1=240
DividingPointX2=560
8=747,165;754,161;763,158;771,156;777,154;784,153;790,151;799,150;799,193;794,194;789,196;785,197;779,200;771,204
9=743,243;744,238;747,230;751,223;754,219;758,214;766,207;771,204;779,200;785,197;789,196;794,194;799,193;799,243
13=702,205;707,197;712,192;718,185;728,176;740,168;747,165;771,204;766,207;758,214;754,219;751,223;750,225
20=0,197;4,198;10,200;17,203;26,207;35,214;39,218;42,222;46,227;50,234;51,239;52,243;0,243
27=98,207;99,210;101,214;103,220;104,225;106,232;107,243;52,243;51,239;50,234;46,227
32=54,166;61,170;72,177;79,184;84,189;89,194;93,200;98,207;46,227;42,222;39,218;35,214;26,207
48=460,219;485,244
49=244,219;269,244
50=268,219;293,244
51=292,219;317,244
52=316,219;341,244
53=340,219;365,244
54=364,219;389,244
55=388,219;413,244
56=412,219;437,244
57=436,219;461,244
65=0,63;7,64;13,65;24,68;32,69;38,71;42,72;47,73;35,114;28,112;12,108;0,107
66=187,195;190,204;192,209;194,218;196,230;196,237;196,243;152,243;152,238;151,230;149,219;146,210;145,206
67=102,149;108,154;115,161;127,174;131,179;133,182;138,190;98,207;93,200;89,194;84,189;79,184;72,177
68=91,91;99,95;105,99;109,101;114,104;118,107;124,111;126,113;132,118;102,149;93,142;87,138;84,136;75,131;70,128
69=92,44;100,48;107,51;121,59;128,63;134,67;109,101;105,99;98,95;91,91;84,87;75,83
70=132,118;141,125;144,129;153,138;159,146;165,154;127,174;115,161;108,154;102,149
71=165,154;171,161;178,173;182,181;187,195;145,206;141,196;138,190;133,182;131,179;127,174
72=612,195;653,207;650,216;648,226;647,235;647,243;603,243;603,235;605,222;607,212;609,204
73=596,135;601,127;606,121;611,114;619,105;626,97;658,125;652,130;646,136;640,145;634,153
74=612,195;614,190;618,180;620,175;626,165;634,153;671,175;665,183;661,189;659,195;656,201;653,207
75=634,153;640,145;646,136;652,130;658,125;667,117;697,147;689,154;683,160;678,166;671,175
76=667,117;675,111;681,106;690,100;698,96;708,90;728,127;725,129;716,134;707,140;697,147
77=661,189;665,183;671,175;678,166;683,160;689,154;697,147;728,176;718,185;712,192;707,197;702,205
78=647,243;647,236;648,226;650,216;653,207;655,203;658,196;661,189;702,205;698,214;695,222;693,229;692,238;692,243
79=626,97;635,90;642,84;650,78;657,72;665,67;690,100;681,106;675,111;667,117;658,125
80=665,67;672,62;679,58;688,54;696,50;700,47;707,44;725,83;717,86;708,90;698,96;690,100
81=0,20;8,21;13,22;22,23;30,25;35,26;47,29;38,71;32,69;24,68;13,65;7,64;0,63
82=134,67;139,70;144,74;153,80;158,85;164,90;165,91;170,96;172,98;141,125;132,118;126,113;124,111;118,107;114,105;109,101
83=47,73;55,76;61,78;75,83;84,87;91,91;70,128;54,121;45,117;35,114
84=172,98;178,104;184,111;192,120;196,126;203,136;166,155;165,154;159,146;153,138;144,129;141,125
85=573,177;577,168;581,160;585,151;589,145;592,140;596,135;634,153;626,165;620,175;618,180;614,190
86=138,190;141,196;145,206;146,210;149,219;151,230;152,238;152,243;107,243;106,232;104,225;103,220;101,214;99,210;98,207
87=47,29;57,32;64,34;71,37;83,40;92,44;75,83;61,78;55,76;47,73;42,72;38,71
88=54,121;70,128;75,131;84,136;87,138;93,142;102,149;72,177;61,170;54,166;45,162;37,158
89=562,243;562,225;564,213;565,204;567,195;570,186;573,177;614,190;612,195;608,207;606,217;604,228;603,236;603,243
90=0,107;12,108;28,112;35,114;45,117;54,121;37,158;30,156;25,154;21,153;13,152;5,150;0,150;0,129
160=0,150;5,150;13,152;21,153;25,154;30,156;37,158;45,162;54,166;26,207;17,203;10,200;4,198;0,197
165=692,243;692,238;693,229;695,222;698,214;702,205;750,225;747,230;744,238;743,243
186=708,90;717,86;725,83;734,79;742,76;753,72;764,114;753,117;743,121;738,123;732,125;728,127
187=508,219;533,244
188=697,147;707,140;716,134;725,129;728,127;732,125;738,123;744,120;763,158;754,161;747,165;740,168;728,176
189=484,219;509,244
190=744,120;753,117;764,114;771,112;778,111;785,110;792,108;799,108;799,150;790,151;784,153;777,154;771,156;763,158
191=225,179;228,186;230,193;233,204;235,215;237,226;237,243;196,243;196,237;196,230;195,224;192,214;191,207;189,200;187,195;185,190
192=203,136;207,143;210,148;216,158;220,165;225,179;185,190;182,182;178,173;171,161;166,155
219=707,44;714,41;723,38;730,36;741,32;747,30;752,29;760,70;753,72;742,76;734,79;725,83
220=532,219;557,244
221=752,29;760,27;771,25;780,23;789,22;799,20;799,64;789,65;779,66;771,68;760,70
222=753,72;760,70;771,68;779,66;789,65;799,64;799,108;779,111;771,112;764,114
