;For Ultra Mobile PC
;
;Copyright (c) 2006-2012  Comfort Software Group
;ALL RIGHTS RESERVED
Height=306
Width=1024
DefaultFitWidth=1
DefaultMoveToBottom=1
DefaultCenterInfo=1
DefaultTransparent=1
DefaultFontSize=8
DefaultInfoFontSize=14
DividingPointX1=310
DividingPointX2=719
8=957,205;966,201;977,197;987,194;995,192;1004,190;1012,188;1023,186;1023,242;1017,243;1011,245;1005,247;998,250;988,255;983,246;978,238;973,230;968,222;964,216
9=952,305;953,299;957,289;962,280;966,275;971,269;981,260;988,255;998,250;1005,247;1011,245;1017,243;1023,242;1023,305
13=899,257;906,247;912,240;920,231;932,220;941,214;948,210;957,205;968,222;973,230;978,238;983,246;988,255;981,260;971,269;966,275;962,280;961,283;947,277;929,269;914,263
20=0,247;6,248;13,250;22,254;34,259;46,269;50,273;55,279;60,285;64,294;66,300;67,305;0,305
27=126,259;127,263;130,269;132,276;134,282;136,291;137,305;67,305;66,300;64,294;60,285
32=70,207;79,212;93,221;102,230;108,236;114,243;120,251;126,259;60,285;55,279;50,273;46,269;34,259
48=590,274;622,306
49=311,274;343,306
50=342,274;374,306
51=373,274;405,306
52=404,274;436,306
53=435,274;467,306
54=466,274;498,306
55=497,274;529,306
56=528,274;560,306
57=559,274;591,306
65=0,75;10,77;17,78;31,81;41,83;49,85;54,86;61,88;46,141;28,136;16,133;0,131
66=240,244;244,255;246,262;249,274;251,289;252,298;252,305;195,305;195,299;194,289;191,275;188,263;186,258
67=131,185;139,191;148,200;163,218;168,224;171,228;177,238;126,259;120,251;114,243;108,236;102,230;93,221
68=117,111;127,116;135,121;140,124;147,128;151,131;159,137;162,139;170,146;131,185;120,176;112,171;108,168;96,162;90,158
69=119,51;128,56;137,60;155,70;164,75;172,80;140,124;135,121;126,116;117,111;108,106;96,100
70=170,146;181,155;185,160;196,171;204,181;212,191;163,218;148,200;139,191;131,185
71=212,191;219,201;228,216;233,226;240,244;186,258;181,245;177,238;171,228;168,224;163,218
72=784,244;837,259;833,271;830,284;829,295;829,305;773,305;773,295;775,278;777,266;780,255
73=763,167;770,157;776,149;783,140;793,129;802,119;843,155;836,162;828,170;820,180;813,191;810,193
74=784,244;786,238;791,225;797,213;802,205;810,193;813,191;859,218;852,228;847,236;844,244;840,252;837,259
75=813,191;820,180;828,170;836,162;843,155;855,144;867,156;876,165;893,182;883,191;875,199;868,207;859,218
76=855,144;866,136;874,130;883,124;894,117;907,110;913,121;919,131;923,138;925,142;927,145;933,157;928,160;917,166;905,174;893,182
77=847,236;852,228;859,218;868,207;875,199;883,191;893,182;932,220;920,231;912,240;906,247;899,257
78=829,305;829,297;830,284;832,274;835,264;839,254;843,245;847,236;899,257;894,269;891,278;888,287;886,299;886,305
79=802,119;813,109;822,102;833,94;842,87;852,80;885,123;874,130;864,138;855,144;843,155
80=852,80;861,74;870,69;881,63;891,58;897,55;905,51;928,100;919,104;907,110;894,117;885,123
81=0,20;11,21;17,22;29,24;39,26;45,27;61,31;49,85;41,83;31,81;17,78;10,77;0,75
82=172,80;178,84;185,89;196,97;203,103;210,109;212,111;218,117;221,120;181,155;170,146;162,139;159,137;151,131;147,129;140,124
83=61,88;71,91;79,94;96,100;108,106;117,111;90,158;70,149;58,144;46,141
84=221,120;228,127;236,136;246,148;252,156;261,169;213,193;212,191;204,181;196,171;185,160;181,155
85=734,221;739,209;744,199;749,188;754,180;758,174;763,167;810,193;802,205;797,213;794,219;791,225;786,238
86=177,238;181,245;186,258;188,263;191,275;194,289;195,299;195,305;137,305;136,291;134,282;132,276;130,269;127,263;126,259
87=61,31;73,35;83,38;92,41;107,46;119,51;96,100;79,94;71,91;61,88;54,86;49,85
88=70,149;90,158;96,162;108,168;112,171;120,176;131,185;93,221;79,212;70,207;58,202;48,197
89=720,305;720,282;722,267;724,256;727,244;730,233;734,221;786,238;784,244;779,259;776,272;774,286;773,296;773,305
90=0,131;16,133;24,135;36,138;46,141;58,144;70,149;48,197;39,194;32,192;27,191;17,189;7,187;0,186;0,160
160=0,186;7,187;17,189;27,191;32,192;39,194;48,197;58,202;70,207;34,259;22,254;13,250;6,248;0,247
165=886,305;886,299;888,287;891,278;894,269;899,257;910,261;920,265;929,269;934,271;936,272;938,273;947,277;961,283;957,289;953,299;952,305
186=907,110;919,104;928,100;940,95;951,91;964,87;969,103;973,118;976,129;979,140;965,144;952,149;945,152;938,155;933,157
187=652,274;684,306
188=893,182;905,174;917,166;928,160;933,157;938,155;945,152;953,148;977,197;966,201;957,205;948,210;941,214;932,220
189=621,274;653,306
190=953,148;965,144;976,141;987,138;997,136;1005,135;1014,133;1023,132;1023,186;1012,188;1004,190;995,192;987,194;977,197
191=289,223;292,232;295,242;299,256;302,270;304,284;304,305;252,305;252,298;251,289;250,281;247,268;245,260;242,251;240,244;237,238
192=261,169;266,177;270,184;277,196;282,206;289,223;237,238;233,227;228,216;219,201;213,193
219=905,51;915,47;926,43;935,40;949,35;957,33;963,31;974,84;964,87;951,91;940,95;928,100
220=683,274;715,306
221=963,31;974,29;988,26;999,24;1011,22;1023,20;1023,76;1010,78;998,79;987,81;974,84
222=964,87;974,84;987,81;998,79;1012,77;1023,76;1023,132;998,136;988,138;979,140
