;For Ultra Mobile PC x800
;
;Copyright (c) 2006-2012  Comfort Software Group
;ALL RIGHTS RESERVED
Height=283
Width=800
DefaultFitWidth=1
DefaultMoveToBottom=1
DefaultCenterInfo=1
DefaultTransparent=1
DefaultFontSize=8
DefaultInfoFontSize=12
DividingPointX1=400
8=743,29;753,27;767,25;777,23;788,22;799,20;799,59;789,61;780,62;771,64;760,66;752,68
9=743,282;744,277;747,269;751,262;754,258;758,253;766,246;771,243;779,239;785,236;789,235;794,233;799,232;799,282
13=702,244;707,236;712,231;718,224;728,215;740,207;747,204;771,243;766,246;758,253;754,258;751,262;750,264
20=0,236;4,237;10,239;17,242;26,246;35,253;39,257;42,261;46,266;50,273;51,278;52,282;0,282
27=98,246;99,249;101,253;103,259;104,264;106,271;107,282;52,282;51,278;50,273;46,266
32=54,205;61,209;72,216;79,223;84,228;89,233;93,239;98,246;46,266;42,261;39,257;35,253;26,246
48=561,156;567,147;573,139;579,131;588,121;596,111;626,136;619,144;611,153;606,160;601,166;596,174
49=0,20;10,21;15,22;26,23;35,25;41,26;56,29;47,68;35,65;30,64;22,62;13,61;8,60;0,59
50=56,29;67,33;76,36;84,38;98,44;109,48;92,83;83,79;71,76;64,73;57,71;47,68
51=109,48;117,53;125,56;142,65;150,70;157,75;134,106;128,102;121,98;107,90;100,87;92,83
52=157,75;163,79;170,84;179,91;186,97;192,103;194,104;202,112;172,137;170,135;165,130;164,129;158,124;153,119;144,113;139,109;134,106
53=202,112;208,118;216,127;225,138;230,146;238,157;203,175;196,165;192,159;184,150;178,143;172,137
54=238,157;242,165;246,171;252,182;257,191;263,207;225,218;220,204;216,197;210,187;207,182;203,175
55=263,207;266,215;268,223;272,237;275,250;276,263;276,282;237,282;237,265;235,254;233,243;230,232;228,225;225,218
56=523,282;523,261;525,247;527,236;529,226;532,216;535,205;573,216;570,225;567,234;565,243;564,252;562,264;562,282
57=535,205;540,193;544,185;549,175;553,168;557,162;561,156;596,174;592,179;589,184;585,190;581,199;577,207;573,216
65=0,102;7,103;13,104;24,107;32,108;38,110;42,111;47,112;35,153;28,151;12,147;0,146
66=187,234;190,243;192,248;194,257;196,269;196,276;196,282;152,282;152,277;151,269;149,258;146,249;145,245
67=102,188;108,193;115,200;127,213;131,218;133,221;138,229;98,246;93,239;89,233;84,228;79,223;72,216
68=91,130;99,134;105,138;109,140;114,143;118,146;124,150;126,152;132,157;102,188;93,181;87,177;84,175;75,170;70,167
69=92,83;100,87;107,90;121,98;128,102;134,106;109,140;105,138;98,134;91,130;84,126;75,122
70=132,157;141,164;144,168;153,177;159,185;165,193;127,213;115,200;108,193;102,188
71=165,193;171,200;178,212;182,220;187,234;145,245;141,235;138,229;133,221;131,218;127,213
72=612,234;653,246;650,255;648,265;647,274;647,282;603,282;603,274;605,261;607,251;609,243
73=596,174;601,166;606,160;611,153;619,144;626,136;658,164;652,169;646,175;640,184;634,192
74=612,234;614,229;618,219;620,214;626,204;634,192;671,214;665,222;661,228;659,234;656,240;653,246
75=634,192;640,184;646,175;652,169;658,164;667,156;697,186;689,193;683,199;678,205;671,214
76=667,156;675,150;681,145;690,139;698,135;708,129;728,166;725,168;716,173;707,179;697,186
77=661,228;665,222;671,214;678,205;683,199;689,193;697,186;728,215;718,224;712,231;707,236;702,244
78=647,282;647,275;648,265;650,255;653,246;655,242;658,235;661,228;702,244;698,253;695,261;693,268;692,277;692,282
79=626,136;635,129;642,123;650,117;657,111;665,106;690,139;681,145;675,150;667,156;658,164
80=665,106;672,101;679,97;688,93;696,89;700,86;707,83;725,122;717,125;708,129;698,135;690,139
81=0,59;8,60;13,61;22,62;30,64;35,65;47,68;38,110;32,108;24,107;13,104;7,103;0,102
82=134,106;139,109;144,113;153,119;158,124;164,129;165,130;170,135;172,137;141,164;132,157;126,152;124,150;118,146;114,144;109,140
83=47,112;55,115;61,117;75,122;84,126;91,130;70,167;54,160;45,156;35,153
84=172,137;178,143;184,150;192,159;196,165;203,175;166,194;165,193;159,185;153,177;144,168;141,164
85=573,216;577,207;581,199;585,190;589,184;592,179;596,174;634,192;626,204;620,214;618,219;614,229
86=138,229;141,235;145,245;146,249;149,258;151,269;152,277;152,282;107,282;106,271;104,264;103,259;101,253;99,249;98,246
87=47,68;57,71;64,73;71,76;83,79;92,83;75,122;61,117;55,115;47,112;42,111;38,110
88=54,160;70,167;75,170;84,175;87,177;93,181;102,188;72,216;61,209;54,205;45,201;37,197
89=562,282;562,264;564,252;565,243;567,234;570,225;573,216;614,229;612,234;608,246;606,256;604,267;603,275;603,282
90=0,146;12,147;28,151;35,153;45,156;54,160;37,197;30,195;25,193;21,192;13,191;5,189;0,189;0,168
160=0,189;5,189;13,191;21,192;25,193;30,195;37,197;45,201;54,205;26,246;17,242;10,239;4,237;0,236
163=747,204;754,200;763,197;771,195;777,193;784,192;790,190;799,189;799,232;794,233;789,235;785,236;779,239;771,243
165=692,282;692,277;693,268;695,261;698,253;702,244;750,264;747,269;744,277;743,282
186=708,129;717,125;725,122;734,118;742,115;753,111;764,153;753,156;743,160;738,162;732,164;728,166
187=642,75;650,70;658,65;668,59;678,54;690,48;707,83;700,86;696,89;688,93;679,97;672,101;665,106
188=697,186;707,179;716,173;725,168;728,166;732,164;738,162;744,159;763,197;754,200;747,204;740,207;728,215
189=596,111;606,102;614,95;625,87;632,82;642,75;665,106;657,111;650,117;642,123;635,129;626,136
190=744,159;753,156;764,153;771,151;778,150;785,149;792,147;799,147;799,189;790,190;784,192;777,193;771,195;763,197
191=225,218;228,225;230,232;233,243;235,254;237,265;237,282;196,282;196,276;196,269;195,263;192,253;191,246;189,239;187,234;185,229
192=203,175;207,182;210,187;216,197;220,204;225,218;185,229;182,221;178,212;171,200;166,194
219=707,83;714,80;723,77;730,75;741,71;747,69;752,68;760,109;753,111;742,115;734,118;725,122
220=690,48;700,44;710,40;716,38;731,33;738,31;743,29;752,68;747,69;741,71;730,75;723,77;714,80;707,83
221=752,68;760,66;771,64;780,62;789,61;799,59;799,103;789,104;779,105;771,107;760,109
222=753,111;760,109;771,107;779,105;789,104;799,103;799,147;779,150;771,151;764,153
