;For Ultra Mobile PC
;
;Copyright (c) 2006-2012  Comfort Software Group
;ALL RIGHTS RESERVED
Height=356
Width=1024
DefaultFitWidth=1
DefaultMoveToBottom=1
DefaultCenterInfo=1
DefaultTransparent=1
DefaultFontSize=8
DefaultInfoFontSize=14
DividingPointX1=512
8=952,32;965,29;982,26;995,24;1009,22;1023,20;1023,70;1011,72;999,74;988,76;974,79;963,81
9=952,355;953,349;957,339;962,330;966,325;971,319;981,310;988,305;998,300;1005,297;1011,295;1017,293;1023,292;1023,355
13=899,307;906,297;912,290;920,281;932,270;941,264;948,260;957,255;968,272;973,280;978,288;983,296;988,305;981,310;971,319;966,325;962,330;961,333;947,327;929,319;914,313
20=0,297;6,298;13,300;22,304;34,309;46,319;50,323;55,329;60,335;64,344;66,350;67,355;0,355
27=126,309;127,313;130,319;132,326;134,332;136,341;137,355;67,355;66,350;64,344;60,335
32=70,257;79,262;93,271;102,280;108,286;114,293;120,301;126,309;60,335;55,329;50,323;46,319;34,309
48=719,194;727,182;734,172;742,162;753,149;764,137;802,169;793,179;783,190;776,199;770,207;763,217
49=0,20;13,21;20,22;34,24;46,26;53,28;72,32;61,81;45,77;39,76;29,74;17,72;11,71;0,70
50=72,32;86,36;98,40;108,43;126,50;140,56;119,101;107,96;92,91;83,88;73,85;61,81
51=140,56;151,62;161,66;183,78;193,84;202,90;172,130;164,125;155,120;137,110;128,106;119,101
52=202,90;209,95;218,101;230,111;238,118;247,126;249,128;259,138;221,170;218,167;212,161;210,159;203,153;196,147;185,139;178,134;172,130
53=259,138;267,146;277,157;288,171;295,181;305,196;261,219;252,206;246,198;236,186;228,177;221,170
54=305,196;311,205;316,214;324,228;329,239;337,259;289,273;282,256;277,246;270,234;266,227;261,219
55=337,259;341,270;344,280;349,298;352,314;354,331;354,355;304,355;304,334;302,320;299,306;295,292;292,282;289,273
56=670,355;670,328;672,311;675,296;678,284;681,271;686,257;734,271;730,283;727,294;724,306;722,317;720,332;720,355
57=686,257;692,242;697,231;703,218;709,209;713,202;719,194;763,217;758,224;754,230;749,238;744,249;739,259;734,271
65=0,125;10,127;17,128;31,131;41,133;49,135;54,136;61,138;46,191;28,186;16,183;0,181
66=240,294;244,305;246,312;249,324;251,339;252,348;252,355;195,355;195,349;194,339;191,325;188,313;186,308
67=131,235;139,241;148,250;163,268;168,274;171,278;177,288;126,309;120,301;114,293;108,286;102,280;93,271
68=117,161;127,166;135,171;140,174;147,178;151,181;159,187;162,189;170,196;131,235;120,226;112,221;108,218;96,212;90,208
69=119,101;128,106;137,110;155,120;164,125;172,130;140,174;135,171;126,166;117,161;108,156;96,150
70=170,196;181,205;185,210;196,221;204,231;212,241;163,268;148,250;139,241;131,235
71=212,241;219,251;228,266;233,276;240,294;186,308;181,295;177,288;171,278;168,274;163,268
72=784,294;800,298;815,303;822,305;837,309;833,321;830,334;829,345;829,355;773,355;773,345;775,328;777,316;780,305
73=763,217;770,207;776,199;783,190;793,179;802,169;843,205;836,212;828,220;820,230;813,241;810,243
74=784,294;786,288;791,275;797,263;802,255;810,243;813,241;859,268;852,278;847,286;844,294;840,302;837,309;822,305
75=813,241;820,230;828,220;836,212;843,205;855,194;867,206;876,215;893,232;883,241;875,249;868,257;859,268
76=855,194;866,186;874,180;883,174;894,167;907,160;933,207;928,210;917,216;905,224;893,232
77=847,286;852,278;859,268;868,257;875,249;883,241;893,232;932,270;920,281;912,290;906,297;899,307
78=829,355;829,347;830,334;832,324;835,314;839,304;843,295;847,286;899,307;894,319;891,328;888,337;886,349;886,355
79=802,169;813,159;822,152;833,144;842,137;852,130;885,173;874,180;864,188;855,194;843,205
80=852,130;861,124;870,119;881,113;891,108;897,105;905,101;928,150;919,154;907,160;894,167;885,173
81=0,70;11,71;17,72;29,74;39,76;45,77;61,81;49,135;41,133;31,131;17,128;10,127;0,125
82=172,130;178,134;185,139;196,147;203,153;210,159;212,161;218,167;221,170;181,205;170,196;162,189;159,187;151,181;147,179;140,174
83=61,138;71,141;79,144;96,150;108,156;117,161;90,208;70,199;58,194;46,191
84=221,170;228,177;236,186;246,198;252,206;261,219;213,243;212,241;204,231;196,221;185,210;181,205
85=734,271;739,259;744,249;749,238;754,230;758,224;763,217;810,243;802,255;797,263;794,269;791,275;786,288
86=177,288;181,295;186,308;188,313;191,325;194,339;195,349;195,355;137,355;136,341;134,332;132,326;130,319;127,313;126,309
87=61,81;73,85;83,88;92,91;107,96;119,101;96,150;79,144;71,141;61,138;54,136;49,135
88=70,199;90,208;96,212;108,218;112,221;120,226;131,235;93,271;79,262;70,257;58,252;48,247
89=720,355;720,332;722,317;724,306;727,294;730,283;734,271;786,288;784,294;779,309;776,322;774,336;773,346;773,355
90=0,181;16,183;24,185;36,188;46,191;58,194;70,199;48,247;39,244;32,242;27,241;17,239;7,237;0,236;0,210
160=0,236;7,237;17,239;27,241;32,242;39,244;48,247;58,252;70,257;34,309;22,304;13,300;6,298;0,297
163=957,255;966,251;977,247;987,244;995,242;1004,240;1012,238;1023,236;1023,292;1017,293;1011,295;1005,297;998,300;988,305;983,296;978,288;973,280;968,272;964,266
165=886,355;886,349;888,337;891,328;894,319;899,307;910,311;920,315;929,319;934,321;936,322;938,323;947,327;961,333;957,339;953,349;952,355
186=907,160;919,154;928,150;940,145;951,141;964,137;979,190;965,194;952,199;945,202;938,205;933,207
187=822,90;833,83;843,77;856,70;868,64;884,56;905,101;897,105;891,108;881,113;870,119;861,124;852,130
188=893,232;905,224;917,216;928,210;933,207;938,205;945,202;953,198;977,247;966,251;957,255;948,260;941,264;932,270
189=764,137;776,125;787,116;800,106;809,99;822,90;852,130;842,137;833,144;822,152;813,159;802,169
190=953,198;965,194;976,191;987,188;997,186;1005,185;1014,183;1023,182;1023,236;1012,238;1004,240;995,242;987,244;977,247
191=289,273;292,282;295,292;299,306;302,320;304,334;304,355;252,355;252,348;251,339;250,331;247,318;245,310;242,301;240,294;237,288
192=261,219;266,227;270,234;277,246;282,256;289,273;237,288;233,277;228,266;219,251;213,243
219=905,101;915,97;926,93;935,90;949,85;957,83;963,81;974,134;964,137;951,141;940,145;928,150
220=884,56;896,51;909,46;919,42;936,37;945,34;952,32;963,81;957,83;949,85;935,90;926,93;915,97;905,101
221=963,81;974,79;988,76;999,74;1011,72;1023,70;1023,126;1010,128;998,129;987,131;974,134
222=964,137;974,134;987,131;998,129;1012,127;1023,126;1023,182;998,186;988,188;979,190
